20
0 5 2 6 5 7 1 2 4 2 0 0 1 3 2 0 0 0 0 2

50

0 1
3.8 40 74

1 0
3.8 40 74

0 10
12.63 100 22.2

10 0
12.63 100 22.2

1 2
2.84 40 229.66

2 1
2.84 40 229.66

1 3
4.89 40 426.42

3 1
4.89 40 426.42

1 12
4.24 50 87.48

12 1
4.24 50 87.48

2 4
5.21 40 212

4 2
5.21 40 212

2 14
6.69 60 96.34

3 4
6.24 40 392.55

4 3
6.24 40 392.55

3 8
7.45 50 244.44

8 3
7.45 50 244.44

3 19
6.73 50 279.68

19 3
6.73 50 279.68

4 14
5.75 50 260

14 4
5.75 50 260

4 16
7.5 50 92.4

5 7
4.66 40 209.43

7 5
4.66 40 209.43

5 9
5.83 50 242

9 5
5.83 50 242

5 10
7.12 60 98.5

10 5
7.12 60 98.5

5 17
6.34 50 86.43

6 8
5.67 60 62

8 6
5.67 60 62

6 15
12.87 100 28.4

15 6
12.87 100 28.4

7 11
8.18 80 69.55

11 7
8.18 80 69.55

7 19
8.35 60 104

19 7
8.35 60 104

8 9
5.8 60 88

9 8
5.8 60 88

11 18
5.43 80 30.3

18 11
5.43 80 30.3

12 13
4.56 60 68.88

13 12
4.56 60 68.88

13 15
7.45 80 62.59

15 13
7.45 80 62.59

14 13
5.67 60 93

14 18
16.43 100 18.4

18 14
16.43 100 18.4

16 19
8.69 80 63.88

17 9
7.46 80 59.89