9
1 0 4 1 2 1 2 3 7

38

0 7
20 30 2.61

7 0
20 30 3.67

0 1
13 20 9.01

1 0
13 20 10.50

0 6
9 20 8.21

6 0
9 20 10.22

0 8
17 30 6.66

8 0
17 30 6.91

1 2
18 30 12.35

2 1
18 30 12.34

1 7
14 20 15.77

7 1
14 20 20.79

1 8
7 20 23.37

8 1
7 20 23.72

2 5
13 20 10.58

5 2
8 20 16.98

2 3
10 20 10.45

3 2
10 20 12.39

2 7
10 20 13.63

7 2
10 20 24.90

3 8
15 30 8.95

8 3
15 30 11.09

3 7
5 20 22.23

7 3
5 20 17.17

3 4
11 20 8.91

4 3 
11 20 11.02

4 7
16 30 12.66

7 4
16 30 16.61

5 7
12 60 11.14

7 5
12 20 13.35

5 8
2 20 1.59

8 5
2 20 1.75

5 6
14 20 14.77

6 5
14 20 11.87

6 7
12 20 18.11

7 6
12 20 15.62

6 8
4 20 8.94

8 6
4 20 9.33